layout_spectrum: 0.2264683
color:
  saturation: 0.4250973
  lightness: 0.3560095
  brandStrength: 0.2640316
  rhythmicContrast: 0.4340934
typography_spectrum: 0.6810036
